</h2>01001001 01001110 00100000 01010100 01001000 01000101 00100000 01010100 01000101 01000001 01001101 00100000 01001111 01000110</h2>
00100000 01010111 01001111 01010111 00101100 00100000 01010111 01000101 00100000 01000001 01010010 01000101 00100000 01000100
01000101 01000100 01001001 01000011 01000001 01010100 01000101 01000100 00100000 01010100 01001111 00100000 01010000 01010010
01001111 01010110 01001001 01000100 01000101 00100000 01011001 01001111 01010101 00100000 01010111 01001001 01010100 01001000
00100000 01011001 01001111 01010101 01010010 00100000 01001110 01000101 01000101 01000100 01010011 00101110 00100000 01001111
01010101 01010010 00100000 01010100 01000101 01000001 01001101 00100000 01001001 01010011 00100000 01000011 01001111 01001101
01001101 01001001 01010100 01010100 01000101 01000100 00100000 01010100 01001111 00100000 01000101 01011000 01000011 01000101
01001001 01001110 00100000 01010100 01001000 01000101 00100000 01010100 01000101 01000001 01001101 00100000 01001111 01000110
00100000 01010111 01001111 01010111 00101100 00100000 01010111 01000101 00100000 01000001 01010010 01000101 00100000 01000100
01000101 01000100 01001001 01000011 01000001 01010100 01000101 01000100 00100000 01010100 01001111 00100000 01010000 01010010
01001111 01010110 01001001 01000100 01000101 00100000 01011001 01001111 01010101 00100000 01010111 01001001 01010100 01001000
00100000 01011001 01001111 01010101 01010010 00100000 01001110 01000101 01000101 01000100 01010011 00101110 00100000 01001111
01010101 01010010 00100000 01010100 01000101 01000001 01001101 00100000 01001001 01010011 00100000 01000011 01001111 01001101
01001101 01001001 01010100 01010100 01000101 01000100 00100000 01010100 01001111 00100000 01000101 01011000 01000011 01000101
01001001 01001110 00100000 01010100 01001000 01000101 00100000 01010100 01000101 01000001 01001101 00100000 01001111 01000110
00100000 01010111 01001111 01010111 00101100 00100000 01010111 01000101 00100000 01000001 01010010 01000101 00100000 01000100
01000101 01000100 01001001 01000011 01000001 01010100 01000101 01000100 00100000 01010100 01001111 00100000 01010000 01010010
01001111 01010110 01001001 01000100 01000101 00100000 01011001 01001111 01010101 00100000 01010111 01001001 01010100 01001000
00100000 01011001 01001111 01010101 01010010 00100000 01001110 01000101 01000101 01000100 01010011 00101110 00100000 01001111
01010101 01010010 00100000 01010100 01000101 01000001 01001101 00100000 01001001 01010011 00100000 01000011 01001111 01001101
01001101 01001001 01010100 01010100 01000101 01000100 00100000 01010100 01001111 00100000 01000101 01011000 01000011 01000101
01001001 01001110 00100000 01010100 01001000 01000101 00100000 01010100 01000101 01000001 01001101 00100000 01001111 01000110
00100000 01010111 01001111 01010111 00101100 00100000 01010111 01000101 00100000 01000001 01010010 01000101 00100000 01000100
01000101 01000100 01001001 01000011 01000001 01010100 01000101 01000100 00100000 01010100 01001111 00100000 01010000 01010010
01001111 01010110 01001001 01000100 01000101 00100000 01011001 01001111 01010101 00100000 01010111 01001001 01010100 01001000
00100000 01011001 01001111 01010101 01010010 00100000 01001110 01000101 01000101 01000100 01010011 00101110 00100000 01001111
01010101 01010010 00100000 01010100 01000101 01000001 01001101 00100000 01001001 01010011 00100000 01000011 01001111 01001101
00100000 01011001 01001111 01010101 01010010 00100000 01001110 01000101 01000101 01000100 01010011 00101110 00100000 01001111
01010101 01010010 00100000 01010100 01000101 01000001 01001101 00100000 01001001 01010011 00100000 01000011 01001111 01001101
00100000 01011001 01001111 01010101 01010010 00100000 01001110 01000101 01000101 01000100 01010011 00101110 00100000 01001111
01010101 01010010 00100000 01010100 01000101 01000001 01001101 00100000 01001001 01010011 00100000 01000011 01001111 01001101
00100000 01011001 01001111 01010101 01010010 00100000 01001110 01000101 01000101 01000100 01010011 00101110 00100000 01001111
01010101 01010010 00100000 01010100 01000101 01000001 01001101 00100000 01001001 01010011 00100000 01000011 01001111 01001101
00100000 01011001 01001111 01010101 01010010 00100000 01001110 01000101 01000101 01000100 01010011 00101110 00100000 01001111
01010101 01010010 00100000 01010100 01000101 01000001 01001101 00100000 01001001 01010011 00100000 01000011 01001111 01001101
00100000 01011001 01001111 01010101 01010010 00100000 01001110 01000101 01000101 01000100 01010011 00101110 00100000 01001111
01010101 01010010 00100000 01010100 01000101 01000001 01001101 00100000 01001001 01010011 00100000 01000011 01001111 01001101
00100000 01011001 01001111 01010101 01010010 00100000 01001110 01000101 01000101 01000100 01010011 00101110 00100000 01001111
01010101 01010010 00100000 01010100 01000101 01000001 01001101 00100000 01001001 01010011 00100000 01000011 01001111 01001101
00100000 01011001 01001111 01010101 01010010 00100000 01001110 01000101 01000101 01000100 01010011 00101110 00100000 01001111
01010101 01010010 00100000 01010100 01000101 01000001 01001101 00100000 01001001 01010011 00100000 01000011 01001111 01001101
00100000 01011001 01001111 01010101 01010010 00100000 01001110 01000101 01000101 01000100 01010011 00101110 00100000 01001111
01010101 01010010 00100000 01010100 01000101 01000001 01001101 00100000 01001001 01010011 00100000 01000011 01001111 01001101
00100000 01011001 01001111 01010101 01010010 00100000 01001110 01000101 01000101 01000100 01010011 00101110 00100000 01001111
01010101 01010010 00100000 01010100 01000101 01000001 01001101 00100000 01001001 01010011 00100000 01000011 01001111 01001101
00100000 01011001 01001111 01010101 01010010 00100000 01001110 01000101 01000101 01000100 01010011 00101110 00100000 01001111
01010101 01010010 00100000 01010100 01000101 01000001 01001101 00100000 01001001 01010011 00100000 01000011 01001111 01001101
00100000 01011001 01001111 01010101 01010010 00100000 01001110 01000101 01000101 01000100 01010011 00101110 00100000 01001111
01010101 01010010 00100000 01010100 01000101 01000001 01001101 00100000 01001001 01010011 00100000 01000011 01001111 01001101
00100000 01011001 01001111 01010101 01010010 00100000 01001110 01000101 01000101 01000100 01010011 00101110 00100000 01001111
01010101 01010010 00100000 01010100 01000101 01000001 01001101 00100000 01001001 01010011 00100000 01000011 01001111 01001101
00100000 01011001 01001111 01010101 01010010 00100000 01001110 01000101 01000101 01000100 01010011 00101110 00100000 01001111
01010101 01010010 00100000 01010100 01000101 01000001 01001101 00100000 01001001 01010011 00100000 01000011 01001111 01001101
00100000 01011001 01001111 01010101 01010010 00100000 01001110 01000101 01000101 01000100 01010011 00101110 00100000 01001111
01010101 01010010 00100000 01010100 01000101 01000001 01001101 00100000 01001001 01010011 00100000 01000011 01001111 01001101
00100000 01011001 01001111 01010101 01010010 00100000 01001110 01000101 01000101 01000100 01010011 00101110 00100000 01001111
01010101 01010010 00100000 01010100 01000101 01000001 01001101 00100000 01001001 01010011 00100000 01000011 01001111 01001101
00100000 01011001 01001111 01010101 01010010 00100000 01001110 01000101 01000101 01000100 01010011 00101110 00100000 01001111
01010101 01010010 00100000 01010100 01000101 01000001 01001101 00100000 01001001 01010011 00100000 01000011 01001111 01001101
00100000 01011001 01001111 01010101 01010010 00100000 01001110 01000101 01000101 01000100 01010011 00101110 00100000 01001111
01010101 01010010 00100000 01010100 01000101 01000001 01001101 00100000 01001001 01010011 00100000 01000011 01001111 01001101
00100000 01011001 01001111 01010101 01010010 00100000 01001110 01000101 01000101 01000100 01010011 00101110 00100000 01001111
01010101 01010010 00100000 01010100 01000101 01000001 01001101 00100000 01001001 01010011 00100000 01000011 01001111 01001101
00100000 01011001 01001111 01010101 01010010 00100000 01001110 01000101 01000101 01000100 01010011 00101110 00100000 01001111
01010101 01010010 00100000 01010100 01000101 01000001 01001101 00100000 01001001 01010011 00100000 01000011 01001111 01001101
00100000 01011001 01001111 01010101 01010010 00100000 01001110 01000101 01000101 01000100 01010011 00101110 00100000 01001111
01010101 01010010 00100000 01010100 01000101 01000001 01001101 00100000 01001001 01010011 00100000 01000011 01001111 01001101
00100000 01011001 01001111 01010101 01010010 00100000 01001110 01000101 01000101 01000100 01010011 00101110 00100000 01001111
01010101 01010010 00100000 01010100 01000101 01000001 01001101 00100000 01001001 01010011 00100000 01000011 01001111 01001101
00100000 01011001 01001111 01010101 01010010 00100000 01001110 01000101 01000101 01000100 01010011 00101110 00100000 01001111
01010101 01010010 00100000 01010100 01000101 01000001 01001101 00100000 01001001 01010011 00100000 01000011 01001111 01001101
00100000 01011001 01001111 01010101 01010010 00100000 01001110 01000101 01000101 01000100 01010011 00101110 00100000 01001111
01010101 01010010 00100000 01010100 01000101 01000001 01001101 00100000 01001001 01010011 00100000 01000011 01001111 01001101
00100000 01011001 01001111 01010101 01010010 00100000 01001110 01000101 01000101 01000100 01010011 00101110 00100000 01001111
01010101 01010010 00100000 01010100 01000101 01000001 01001101 00100000 01001001 01010011 00100000 01000011 01001111 01001101
00100000 01011001 01001111 01010101 01010010 00100000 01001110 01000101 01000101 01000100 01010011 00101110 00100000 01001111
01010101 01010010 00100000 01010100 01000101 01000001 01001101 00100000 01001001 01010011 00100000 01000011 01001111 01001101
00100000 01011001 01001111 01010101 01010010 00100000 01001110 01000101 01000101 01000100 01010011 00101110 00100000 01001111
01010101 01010010 00100000 01010100 01000101 01000001 01001101 00100000 01001001 01010011 00100000 01000011 01001111 01001101
00100000 01011001 01001111 01010101 01010010 00100000 01001110 01000101 01000101 01000100 01010011 00101110 00100000 01001111
01010101 01010010 00100000 01010100 01000101 01000001 01001101 00100000 01001001 01010011 00100000 01000011 01001111 01001101
00100000 01011001 01001111 01010101 01010010 00100000 01001110 01000101 01000101 01000100 01010011 00101110 00100000 01001111
01010101 01010010 00100000 01010100 01000101 01000001 01001101 00100000 01001001 01010011 00100000 01000011 01001111 01001101
00100000 01011001 01001111 01010101 01010010 00100000 01001110 01000101 01000101 01000100 01010011 00101110 00100000 01001111
01010101 01010010 00100000 01010100 01000101 01000001 01001101 00100000 01001001 01010011 00100000 01000011 01001111 01001101
00100000 01011001 01001111 01010101 01010010 00100000 01001110 01000101 01000101 01000100 01010011 00101110 00100000 01001111
01010101 01010010 00100000 01010100 01000101 01000001 01001101 00100000 01001001 01010011 00100000 01000011 01001111 01001101
00100000 01011001 01001111 01010101 01010010 00100000 01001110 01000101 01000101 01000100 01010011 00101110 00100000 01001111
01010101 01010010 00100000 01010100 01000101 01000001 01001101 00100000 01001001 01010011 00100000 01000011 01001111 01001101
00100000 01011001 01001111 01010101 01010010 00100000 01001110 01000101 01000101 01000100 01010011 00101110 00100000 01001111
01010101 01010010 00100000 01010100 01000101 01000001 01001101 00100000 01001001 01010011 00100000 01000011 01001111 01001101
00100000 01011001 01001111 01010101 01010010 00100000 01001110 01000101 01000101 01000100 01010011 00101110 00100000 01001111
01010101 01010010 00100000 01010100 01000101 01000001 01001101 00100000 01001001 01010011 00100000 01000011 01001111 01001101
00100000 01011001 01001111 01010101 01010010 00100000 01001110 01000101 01000101 01000100 01010011 00101110 00100000 01001111
01010101 01010010 00100000 01010100 01000101 01000001 01001101 00100000 01001001 01010011 00100000 01000011 01001111 01001101
00100000 01011001 01001111 01010101 01010010 00100000 01001110 01000101 01000101 01000100 01010011 00101110 00100000 01001111
01010101 01010010 00100000 01010100 01000101 01000001 01001101 00100000 01001001 01010011 00100000 01000011 01001111 01001101
